-1.000000e+02 9.567540e-11 8.687313e-13 2.958025e-15 4.476471e-18 2.540394e-21 1.017820e-20 9.567540e-13 9.614092e-14 3.622826e-15 6.067423e-17 3.810590e-19 1.428971e-18 6.401361e-01 2.117022e+00 3.211313e-02 2.537860e-02 6.919620e-03 3.459133e-03 2.271585e-03 2.240805e-03 1.372420e-03 1.120364e-03 5.160274e-04 7.462684e-04
-9.900000e+01 1.424303e-10 1.429279e-12 5.378520e-15 8.995518e-18 5.641840e-21 2.352679e-20 1.424303e-12 1.581757e-13 6.587315e-15 1.219255e-16 8.462761e-19 3.173535e-18 6.663336e-01 2.131688e+00 3.250336e-02 2.547910e-02 7.255033e-03 3.625975e-03 2.377092e-03 2.355128e-03 1.425140e-03 1.177520e-03 5.401646e-04 7.842481e-04
-9.800000e+01 2.119862e-10 2.350995e-12 9.777482e-15 1.807257e-17 1.252691e-20 5.436979e-20 2.119862e-12 2.601804e-13 1.197492e-14 2.449561e-16 1.879036e-18 7.046387e-18 6.936114e-01 2.147955e+00 3.291652e-02 2.558479e-02 7.604606e-03 3.799591e-03 2.486306e-03 2.475220e-03 1.479115e-03 1.237560e-03 5.653106e-04 8.241265e-04
-9.700000e+01 3.154321e-10 3.866156e-12 1.776987e-14 3.629999e-17 2.780738e-20 1.256161e-19 3.154321e-12 4.278605e-13 2.176355e-14 4.920111e-16 4.171106e-18 1.564165e-17 7.220146e-01 2.166006e+00 3.335416e-02 2.569596e-02 7.968591e-03 3.980022e-03 2.601365e-03 2.599178e-03 1.534313e-03 1.300625e-03 5.914957e-04 8.659926e-04
-9.600000e+01 4.692300e-10 6.356071e-12 3.228665e-14 7.289113e-17 6.171030e-20 2.901449e-19 4.692300e-12 7.034149e-13 3.954291e-14 9.879686e-16 9.256546e-18 3.471205e-17 7.515903e-01 2.186045e+00 3.381797e-02 2.581290e-02 8.347175e-03 4.167260e-03 2.715629e-03 2.733854e-03 1.590695e-03 1.366860e-03 6.187497e-04 9.099384e-04
-9.500000e+01 6.978059e-10 1.044641e-11 5.864497e-14 1.463228e-16 1.369066e-19 6.699670e-19 6.978059e-12 1.156085e-12 7.182512e-14 1.983263e-15 2.053599e-17 7.700996e-17 7.823875e-01 2.208298e+00 3.430982e-02 2.593595e-02 8.740467e-03 4.361238e-03 2.835545e-03 2.872994e-03 1.648217e-03 1.436419e-03 6.471022e-04 9.560593e-04
-9.400000e+01 1.037382e-09 1.716328e-11 1.064863e-13 2.936325e-16 3.036310e-19 1.546489e-18 1.037382e-11 1.899430e-12 1.304185e-13 3.979904e-15 4.554464e-17 1.707924e-16 8.144575e-01 2.233023e+00 3.483171e-02 2.606545e-02 9.148480e-03 4.561817e-03 2.958779e-03 3.019103e-03 1.706831e-03 1.509460e-03 6.765818e-04 1.004453e-03
-9.300000e+01 1.541637e-09 2.818859e-11 1.932840e-13 5.890280e-16 6.731430e-19 3.568452e-18 1.541637e-11 3.119580e-12 2.367236e-13 7.983704e-15 1.009714e-16 3.786429e-16 8.478537e-01 2.260508e+00 3.538587e-02 2.620175e-02 9.571103e-03 4.768777e-03 3.085141e-03 3.172511e-03 1.766481e-03 1.586148e-03 7.072166e-04 1.055221e-03
-9.200000e+01 2.290065e-09 4.627736e-11 3.506878e-13 1.181109e-15 1.491732e-18 8.230672e-18 2.290065e-11 5.121432e-12 4.295031e-13 1.600879e-14 2.237599e-16 8.390995e-16 8.826319e-01 2.291079e+00 3.597474e-02 2.634525e-02 1.000808e-02 4.981799e-03 3.214401e-03 3.333562e-03 1.827109e-03 1.666653e-03 7.390337e-04 1.108467e-03
-9.100000e+01 3.400298e-09 7.593942e-11 6.359877e-13 2.367269e-15 3.304288e-18 1.897554e-17 3.400298e-11 8.404078e-12 7.789227e-13 3.208604e-14 4.956432e-16 1.858662e-15 9.188502e-01 2.325104e+00 3.660104e-02 2.649635e-02 1.045897e-02 5.200455e-03 3.346283e-03 3.502613e-03 1.888648e-03 1.751153e-03 7.720589e-04 1.164296e-03
-9.000000e+01 5.046246e-09 1.245512e-10 1.152813e-12 4.742282e-15 7.315552e-18 4.372552e-17 5.046246e-11 1.378386e-11 1.411902e-12 6.427704e-14 1.097333e-15 4.114998e-15 9.565694e-01 2.362997e+00 3.726773e-02 2.665547e-02 1.092312e-02 5.424195e-03 3.480464e-03 3.680033e-03 1.951028e-03 1.839830e-03 8.063166e-04 1.222816e-03
-8.900000e+01 7.484771e-09 2.041680e-10 2.088469e-12 9.494801e-15 1.618732e-17 1.007012e-16 7.484771e-11 2.259490e-11 2.557842e-12 1.286928e-13 2.428098e-15 9.105368e-15 9.958529e-01 2.405232e+00 3.797811e-02 2.682308e-02 1.139960e-02 5.652330e-03 3.616573e-03 3.866202e-03 2.014174e-03 1.932874e-03 8.418297e-04 1.284136e-03
-8.800000e+01 1.109485e-08 3.344721e-10 3.781200e-12 1.899840e-14 3.579609e-17 2.317752e-16 1.109485e-10 3.701542e-11 4.631005e-12 2.575049e-13 5.369413e-15 2.013530e-14 1.036767e+00 2.452344e+00 3.873584e-02 2.699966e-02 1.188718e-02 5.884023e-03 3.754190e-03 4.061514e-03 2.078007e-03 2.030479e-03 8.786190e-04 1.348366e-03
-8.700000e+01 1.643492e-08 5.475650e-10 6.841242e-12 3.798846e-14 7.910423e-17 5.330930e-16 1.643492e-10 6.059803e-11 8.378776e-12 5.148967e-13 1.186563e-14 4.449613e-14 1.079380e+00 2.504943e+00 3.954490e-02 2.718571e-02 1.238425e-02 6.118283e-03 3.892844e-03 4.266375e-03 2.142442e-03 2.132843e-03 9.167034e-04 1.415616e-03
-8.600000e+01 2.432682e-08 8.957418e-10 1.236834e-11 7.590279e-14 1.746768e-16 1.225209e-15 2.432682e-10 9.913012e-11 1.514807e-11 1.028789e-12 2.620152e-14 9.825570e-14 1.123766e+00 2.563728e+00 4.040971e-02 2.738179e-02 1.288876e-02 6.353953e-03 4.032018e-03 4.481198e-03 2.207391e-03 2.240169e-03 9.560994e-04 1.485997e-03
-8.500000e+01 3.597812e-08 1.464082e-09 2.234207e-11 1.515302e-13 3.853950e-16 2.813539e-15 3.597812e-10 1.620273e-10 2.736334e-11 2.053845e-12 5.780925e-14 2.167847e-13 1.169998e+00 2.629499e+00 4.133500e-02 2.758847e-02 1.339818e-02 6.589716e-03 4.171144e-03 4.706410e-03 2.272764e-03 2.352666e-03 9.968207e-04 1.559616e-03
-8.400000e+01 5.316020e-08 2.390798e-09 4.032093e-11 3.022287e-13 8.495169e-16 6.454916e-15 5.316020e-10 2.645853e-10 4.938285e-11 4.096416e-12 1.274275e-13 4.778533e-13 1.218157e+00 2.703177e+00 4.232588e-02 2.780636e-02 1.390941e-02 6.824097e-03 4.309611e-03 4.942444e-03 2.338465e-03 2.470542e-03 1.038878e-03 1.636579e-03
-8.300000e+01 7.846663e-08 3.900056e-09 7.269221e-11 6.021746e-13 1.870631e-15 1.479376e-14 7.846663e-10 4.316121e-10 8.902941e-11 8.161892e-12 2.805947e-13 1.052230e-12 1.268324e+00 2.785823e+00 4.338765e-02 2.803612e-02 1.441876e-02 7.055475e-03 4.446769e-03 5.189739e-03 2.404400e-03 2.594009e-03 1.082280e-03 1.716988e-03
-8.200000e+01 1.156867e-07 6.354752e-09 1.309017e-10 1.198420e-12 4.114380e-15 3.386621e-14 1.156867e-09 7.032689e-10 1.603211e-10 1.624342e-11 6.171570e-13 2.314339e-12 1.320585e+00 2.878669e+00 4.452569e-02 2.827844e-02 1.492190e-02 7.282106e-03 4.581927e-03 5.448740e-03 2.470469e-03 2.723275e-03 1.127029e-03 1.800939e-03
-8.100000e+01 1.703434e-07 1.034118e-08 2.354214e-10 2.381987e-12 9.037827e-15 7.742799e-14 1.703434e-09 1.144439e-09 2.883311e-10 3.228552e-11 1.355674e-12 5.083778e-12 1.375031e+00 2.983148e+00 4.574517e-02 2.853407e-02 1.541390e-02 7.502146e-03 4.714366e-03 5.719894e-03 2.536573e-03 2.858550e-03 1.173128e-03 1.888522e-03
-8.000000e+01 2.504650e-07 1.680433e-08 4.227919e-10 4.727696e-12 1.982457e-14 1.767703e-13 2.504650e-09 1.859705e-09 5.178122e-10 6.407933e-11 2.973685e-12 1.115132e-11 1.431755e+00 3.100937e+00 4.705067e-02 2.880380e-02 1.588921e-02 7.713684e-03 4.843341e-03 6.003645e-03 2.602612e-03 3.000035e-03 1.220571e-03 1.979818e-03
-7.900000e+01 3.676861e-07 2.726345e-08 7.580811e-10 9.368456e-12 4.341618e-14 4.029296e-13 3.676861e-09 3.017197e-09 9.284560e-10 1.269803e-10 6.512427e-12 2.442160e-11 1.490856e+00 3.234004e+00 4.844562e-02 2.908847e-02 1.634184e-02 7.914788e-03 4.968087e-03 6.300434e-03 2.668486e-03 3.147927e-03 1.269352e-03 2.074896e-03
-7.800000e+01 5.388085e-07 4.415374e-08 1.356850e-09 1.853163e-11 9.491320e-14 9.168027e-13 5.388085e-09 4.886414e-09 1.661795e-09 2.511782e-10 1.423698e-11 5.338868e-11 1.552437e+00 3.384674e+00 4.993155e-02 2.938898e-02 1.676541e-02 8.103543e-03 5.087834e-03 6.610692e-03 2.734094e-03 3.302408e-03 1.319458e-03 2.173814e-03
-7.700000e+01 7.880001e-07 7.136558e-08 2.423720e-09 3.658422e-11 2.070791e-13 2.081888e-12 7.880001e-09 7.897899e-09 2.968439e-09 4.958636e-10 3.106186e-11 1.164820e-10 1.616605e+00 3.555703e+00 5.150724e-02 2.970632e-02 1.715345e-02 8.278099e-03 6.934834e-03 5.201804e-03 2.799339e-03 3.463646e-03 1.370872e-03 2.276611e-03
-7.600000e+01 1.149866e-06 1.150904e-07 4.319786e-09 7.206143e-11 4.507906e-13 4.717020e-12 1.149866e-08 1.273684e-08 5.290636e-09 9.767228e-10 6.761859e-11 2.535697e-10 1.683473e+00 3.750373e+00 5.316758e-02 3.004153e-02 1.749957e-02 8.436718e-03 7.273252e-03 5.309232e-03 2.864124e-03 3.631789e-03 1.423571e-03 2.383310e-03
-7.500000e+01 1.673691e-06 1.851384e-07 7.679789e-09 1.415857e-10 9.788605e-13 1.066069e-11 1.673691e-08 2.048894e-08 9.405782e-09 1.919057e-09 1.468291e-10 5.506090e-10 1.753160e+00 3.972605e+00 5.490237e-02 3.039571e-02 1.779778e-02 8.577819e-03 7.626310e-03 5.409368e-03 2.928353e-03 3.806955e-03 1.477530e-03 2.493911e-03
-7.400000e+01 2.429238e-06 2.969756e-07 1.361454e-08 2.773975e-10 2.119500e-12 2.402535e-11 2.429238e-08 3.286576e-08 1.667434e-08 3.759854e-09 3.179249e-10 1.192219e-09 1.825787e+00 4.227099e+00 5.669499e-02 3.077010e-02 1.804272e-02 8.700016e-03 7.994332e-03 5.501486e-03 2.991936e-03 3.989230e-03 1.532715e-03 2.608392e-03
-7.300000e+01 3.514529e-06 4.748401e-07 2.405797e-08 5.417363e-10 4.574548e-12 5.397049e-11 3.514529e-08 5.254969e-08 2.946487e-08 7.342710e-09 6.861822e-10 2.573183e-09 1.901485e+00 4.519488e+00 5.852119e-02 3.116600e-02 1.822997e-02 8.802151e-03 8.377585e-03 5.584899e-03 3.054782e-03 4.178658e-03 1.589089e-03 2.726700e-03
-7.200000e+01 5.066096e-06 7.564550e-07 4.235689e-08 1.054102e-09 9.837219e-12 1.207959e-10 5.066096e-08 8.371551e-08 5.187639e-08 1.428733e-08 1.475583e-09 5.533436e-09 1.980387e+00 4.856522e+00 6.034805e-02 3.158483e-02 1.835620e-02 8.883356e-03 8.776242e-03 5.658964e-03 4.375228e-03 3.116808e-03 1.646608e-03 2.848752e-03
-7.100000e+01 7.272100e-06 1.200049e-06 7.426248e-08 2.042478e-09 2.106573e-11 2.692330e-10 7.272100e-08 1.328073e-07 9.095260e-08 2.768381e-08 3.159860e-09 1.184947e-08 2.062633e+00 5.246250e+00 6.213346e-02 3.202814e-02 1.841935e-02 8.942828e-03 9.190594e-03 5.723093e-03 4.578870e-03 3.177931e-03 1.705224e-03 2.974431e-03
-7.000000e+01 1.038849e-05 1.894615e-06 1.295749e-07 3.938566e-09 4.489384e-11 5.971869e-10 1.038849e-07 2.096736e-07 1.586962e-07 5.338345e-08 6.734077e-09 2.525279e-08 2.148370e+00 5.698204e+00 6.382626e-02 3.249762e-02 1.841866e-02 8.980441e-03 9.620430e-03 5.776760e-03 4.789437e-03 3.238074e-03 1.764883e-03 3.103581e-03
-6.900000e+01 1.475773e-05 2.974526e-06 2.248263e-07 7.552555e-09 9.514193e-11 1.317247e-09 1.475773e-07 3.291854e-07 2.753548e-07 1.023676e-07 1.427129e-08 5.351734e-08 2.237745e+00 6.223521e+00 6.536746e-02 3.299512e-02 1.835472e-02 8.996005e-03 1.006575e-02 5.819511e-03 5.006697e-03 3.297165e-03 1.825524e-03 3.236005e-03
-6.800000e+01 2.082855e-05 4.639665e-06 3.875657e-07 1.438870e-08 2.003223e-10 2.886664e-09 2.082855e-07 5.134633e-07 4.746692e-07 1.950249e-07 3.004834e-08 1.126813e-07 2.330915e+00 6.834958e+00 6.669264e-02 3.352268e-02 1.822934e-02 8.989721e-03 1.052629e-02 5.850969e-03 5.230315e-03 3.355135e-03 1.887082e-03 3.371465e-03
-6.700000e+01 2.917271e-05 7.181807e-06 6.630129e-07 2.720368e-08 4.185667e-10 6.277743e-09 2.917271e-07 7.947976e-07 8.120217e-07 3.687195e-07 6.278501e-08 2.354438e-07 2.428033e+00 7.546674e+00 6.773571e-02 3.408253e-02 1.804545e-02 8.962033e-03 1.100158e-02 5.870845e-03 5.459841e-03 3.411920e-03 1.949489e-03 3.509672e-03
-6.600000e+01 4.049157e-05 1.101669e-05 1.124006e-06 5.096873e-08 8.667029e-10 1.352947e-08 4.049157e-07 1.219197e-06 1.376621e-06 6.908317e-07 1.300054e-07 4.875204e-07 2.529253e+00 8.373645e+00 6.843375e-02 3.467714e-02 1.780693e-02 8.913620e-03 1.149092e-02 5.878938e-03 5.694694e-03 3.467461e-03 2.012669e-03 3.650290e-03
-6.500000e+01 5.559960e-05 1.671812e-05 1.885101e-06 9.447116e-08 1.775396e-09 2.884547e-08 5.559960e-07 1.850164e-06 2.308768e-06 1.280465e-06 2.663093e-07 9.986601e-07 2.634721e+00 9.330459e+00 6.873259e-02 3.530925e-02 1.751841e-02 1.199334e-02 8.845363e-03 5.875114e-03 5.934181e-03 3.521702e-03 2.076541e-03 3.792935e-03
-6.400000e+01 7.536550e-05 2.504482e-05 3.121005e-06 1.728576e-07 3.590161e-09 6.071109e-08 7.536550e-07 2.771665e-06 3.822435e-06 2.342917e-06 5.385241e-07 2.019465e-06 2.744569e+00 1.042926e+01 6.859235e-02 3.598186e-02 1.718508e-02 1.250751e-02 8.758321e-03 5.859426e-03 6.177362e-03 3.574594e-03 2.141024e-03 3.937168e-03
-6.300000e+01 1.005850e-04 3.694096e-05 5.087615e-06 3.114137e-07 7.148131e-09 1.258110e-07 1.005850e-06 4.088189e-06 6.231030e-06 4.220911e-06 1.072220e-06 4.020824e-06 2.858897e+00 1.167652e+01 6.799199e-02 3.669830e-02 1.681248e-02 1.303173e-02 8.653694e-03 5.831915e-03 6.423246e-03 3.626087e-03 2.206028e-03 4.082503e-03
-6.200000e+01 1.317593e-04 5.347929e-05 8.139938e-06 5.506480e-07 1.396877e-08 2.558916e-07 1.317593e-06 5.918456e-06 9.969348e-06 7.463500e-06 2.095316e-06 7.857436e-06 2.977758e+00 1.306847e+01 6.693206e-02 3.746219e-02 1.640629e-02 1.356378e-02 8.532799e-03 5.792782e-03 6.670613e-03 3.676140e-03 2.271464e-03 4.228398e-03
-6.100000e+01 1.687666e-04 7.570424e-05 1.273459e-05 9.520670e-07 2.669201e-08 5.089214e-07 1.687666e-06 8.378051e-06 1.559663e-05 1.290435e-05 4.003801e-06 1.501425e-05 3.101120e+00 1.458542e+01 6.543508e-02 3.827749e-02 1.597222e-02 1.410096e-02 8.397029e-03 5.742317e-03 6.918082e-03 3.724711e-03 2.337237e-03 4.374268e-03
-6.000000e+01 2.104591e-04 1.043352e-04 1.939658e-05 1.602644e-06 4.965697e-08 9.854204e-07 2.104591e-06 1.154659e-05 2.375587e-05 2.172229e-05 7.448546e-06 2.793205e-05 3.228827e+00 1.618565e+01 6.354335e-02 3.914840e-02 1.551582e-02 1.463992e-02 8.247831e-03 7.164111e-03 5.680902e-03 3.771759e-03 2.403250e-03 4.519476e-03
-5.900000e+01 2.542968e-04 1.393264e-04 2.862577e-05 2.613958e-06 8.950991e-08 1.848776e-06 2.542968e-06 1.541900e-05 3.505927e-05 3.542966e-05 1.342649e-05 5.034932e-05 3.360519e+00 1.780078e+01 6.131470e-02 4.007933e-02 1.504221e-02 1.517685e-02 8.086673e-03 7.407008e-03 5.609016e-03 4.663346e-03 2.469407e-03 3.817247e-03
-5.800000e+01 2.962256e-04 1.793679e-04 4.072845e-05 4.110254e-06 1.555502e-07 3.343917e-06 2.962256e-06 1.985032e-05 4.988196e-05 5.571050e-05 2.333253e-05 8.749700e-05 3.495535e+00 1.933547e+01 5.881698e-02 4.107473e-02 1.455669e-02 1.570673e-02 7.915021e-03 7.644946e-03 5.527222e-03 4.805162e-03 2.535607e-03 3.861134e-03
-5.700000e+01 3.310545e-04 2.215394e-04 5.559474e-05 6.200602e-06 2.593375e-07 5.802591e-06 3.310545e-06 2.451736e-05 6.808937e-05 8.404315e-05 3.890063e-05 1.458774e-04 3.632758e+00 2.067449e+01 5.612214e-02 4.213887e-02 1.406345e-02 1.622457e-02 7.734293e-03 7.876024e-03 5.436166e-03 4.944176e-03 2.601751e-03 3.903376e-03
-5.600000e+01 3.534673e-04 2.614148e-04 7.250072e-05 8.936592e-06 4.130787e-07 9.619694e-06 3.534673e-06 2.893030e-05 8.879488e-05 1.211268e-04 6.196181e-05 2.323568e-04 3.770397e+00 2.169913e+01 5.330088e-02 4.327552e-02 1.356664e-02 1.672437e-02 7.545934e-03 8.098202e-03 5.336569e-03 5.079611e-03 2.667738e-03 3.943922e-03
-5.500000e+01 3.594831e-04 2.938250e-04 9.005968e-05 1.226844e-05 6.267291e-07 1.519078e-05 3.594831e-06 3.251708e-05 1.103001e-04 1.662869e-04 9.400936e-05 3.525351e-04 3.905689e+00 2.231080e+01 5.041849e-02 4.448738e-02 1.306985e-02 1.719970e-02 7.351254e-03 8.309497e-03 5.229276e-03 5.210619e-03 2.733470e-03 3.982707e-03
-5.400000e+01 3.477918e-04 3.141660e-04 1.064217e-04 1.602208e-05 9.045625e-07 2.281973e-05 3.477918e-06 3.476818e-05 1.303394e-04 2.171637e-04 1.356844e-04 5.088164e-04 4.034498e+00 2.245555e+01 4.753328e-02 4.577432e-02 1.257619e-02 1.764382e-02 7.151537e-03 8.507901e-03 5.114962e-03 5.336577e-03 2.798848e-03 4.019641e-03
-5.300000e+01 3.202780e-04 3.197395e-04 1.197007e-04 1.991658e-05 1.242694e-06 3.262931e-05 3.202780e-06 3.538499e-05 1.466029e-04 2.699500e-04 1.864040e-04 6.990152e-04 4.150813e+00 2.214029e+01 4.468333e-02 4.714439e-02 1.804988e-02 1.208833e-02 8.691486e-03 6.947991e-03 4.994756e-03 5.456482e-03 2.863776e-03 4.054587e-03
-5.200000e+01 2.814135e-04 3.104872e-04 1.284617e-04 2.362224e-05 1.628920e-06 4.451591e-05 2.814135e-06 3.436105e-05 1.573328e-04 3.201765e-04 2.443380e-04 9.162675e-04 4.246220e+00 2.143408e+01 4.191904e-02 4.858025e-02 1.841119e-02 1.160850e-02 8.858434e-03 6.741748e-03 5.569605e-03 4.869619e-03 2.928159e-03 4.087318e-03
-5.100000e+01 2.368371e-04 2.887871e-04 1.320497e-04 2.683578e-05 2.045137e-06 5.817142e-05 2.368371e-06 3.195955e-05 1.617271e-04 3.637329e-04 3.067705e-04 1.150389e-03 4.309520e+00 2.045385e+01 5.008168e-02 3.926021e-02 1.872151e-02 1.113852e-02 9.007092e-03 6.533872e-03 5.675162e-03 4.740786e-03 2.991907e-03 4.117401e-03
-5.000000e+01 1.918334e-04 2.585127e-04 1.306384e-04 2.934115e-05 2.471239e-06 7.316002e-05 1.918334e-06 2.860913e-05 1.599987e-04 3.976908e-04 3.706858e-04 1.390072e-03 1.934061e+01 4.326942e+00 5.163550e-02 3.672644e-02 1.897537e-02 1.067986e-02 9.136005e-03 6.325360e-03 5.772394e-03 4.609995e-03 3.054931e-03 4.143873e-03
-4.900000e+01 1.503210e-04 2.238756e-04 1.250331e-04 3.103565e-05 2.888869e-06 8.901409e-05 1.503210e-06 2.477591e-05 1.531337e-04 4.206581e-04 4.333304e-04 1.624989e-03 4.283651e+00 1.823415e+01 5.322377e-02 3.432935e-02 1.916826e-02 1.023367e-02 9.243956e-03 6.117158e-03 5.860578e-03 4.480696e-03 3.117147e-03 4.164010e-03
-4.800000e+01 1.145393e-04 1.885260e-04 1.163641e-04 3.192156e-05 3.283830e-06 1.053133e-04 1.145393e-06 2.086383e-05 1.425163e-04 4.326658e-04 4.925745e-04 1.847154e-03 1.725212e+01 4.167289e+00 5.482254e-02 3.207469e-02 1.929688e-02 9.800827e-03 9.329984e-03 5.910110e-03 5.939103e-03 4.364082e-03 3.178475e-03 4.167263e-03
-4.700000e+01 8.526637e-05 1.551043e-04 1.058037e-04 3.207714e-05 3.646881e-06 1.217295e-04 8.526637e-07 1.716511e-05 1.295826e-04 4.347745e-04 5.470321e-04 2.051370e-03 1.647621e+01 3.973203e+00 5.640147e-02 2.996369e-02 1.935925e-02 9.394210e-03 9.381148e-03 5.705306e-03 6.007176e-03 4.297140e-03 3.238839e-03 4.117169e-03
-4.600000e+01 6.227186e-05 1.251893e-04 9.437868e-05 3.162263e-05 3.973319e-06 1.380383e-04 6.227186e-07 1.385447e-05 1.155898e-04 4.286141e-04 5.959978e-04 2.234992e-03 1.594687e+01 3.708857e+00 5.792390e-02 2.799418e-02 1.935475e-02 8.977364e-03 9.433940e-03 5.503570e-03 6.064397e-03 4.288060e-03 3.298168e-03 4.005862e-03
-4.500000e+01 4.477431e-05 9.947953e-05 8.288383e-05 3.069187e-05 4.261949e-06 1.541084e-04 4.477431e-07 1.100922e-05 1.015116e-04 4.159986e-04 6.392924e-04 2.397346e-03 1.566739e+01 3.393734e+00 5.934748e-02 2.616164e-02 1.928412e-02 8.587486e-03 9.451321e-03 5.306131e-03 6.110236e-03 4.295589e-03 3.356394e-03 3.874584e-03
-4.400000e+01 3.178765e-05 7.805355e-05 7.187175e-05 2.941313e-05 4.513937e-06 1.698812e-04 3.178765e-07 8.638045e-06 8.802456e-05 3.986664e-04 6.770906e-04 2.539090e-03 1.561561e+01 3.053782e+00 6.062541e-02 2.445993e-02 1.914937e-02 8.212365e-03 9.445812e-03 5.114687e-03 6.144289e-03 4.303922e-03 3.413457e-03 3.738475e-03
-4.300000e+01 2.233643e-05 6.061463e-05 6.168399e-05 2.789876e-05 4.731825e-06 1.853490e-04 2.233643e-07 6.708112e-06 7.554715e-05 3.781407e-04 7.097737e-04 2.661652e-03 1.575769e+01 2.713936e+00 6.170833e-02 2.288192e-02 1.895364e-02 7.852044e-03 9.417851e-03 6.166238e-03 4.932221e-03 4.306943e-03 3.469300e-03 3.601550e-03
-4.200000e+01 1.556419e-05 4.667880e-05 5.249817e-05 2.624134e-05 4.918801e-06 2.005361e-04 1.556419e-07 5.165859e-06 6.429686e-05 3.556759e-04 7.378201e-04 2.766826e-03 1.605856e+01 2.393009e+00 6.254692e-02 2.141996e-02 1.870100e-02 7.506505e-03 9.368126e-03 6.175860e-03 4.765079e-03 4.297432e-03 3.523871e-03 3.465401e-03
-4.100000e+01 1.077113e-05 3.570128e-05 4.437493e-05 2.451371e-05 5.078222e-06 2.154849e-04 1.077113e-07 3.950996e-06 5.434796e-05 3.322595e-04 7.617332e-04 2.856500e-03 1.648735e+01 2.102293e+00 6.309491e-02 2.006626e-02 1.839630e-02 7.175711e-03 9.297538e-03 6.173028e-03 4.627398e-03 4.260921e-03 3.330906e-03 3.577122e-03
-4.000000e+01 7.412191e-06 2.715180e-05 3.729769e-05 2.277104e-05 5.213326e-06 2.302458e-04 7.412191e-08 3.004841e-06 4.568016e-05 3.086393e-04 7.819989e-04 2.932496e-03 1.701907e+01 1.846666e+00 6.331255e-02 1.881310e-02 1.804490e-02 9.207177e-03 6.859657e-03 6.157716e-03 4.538588e-03 4.177756e-03 3.198651e-03 3.629011e-03
-3.900000e+01 5.076961e-06 2.055348e-05 3.120313e-05 2.105370e-05 5.327089e-06 2.448717e-04 5.076961e-08 2.274616e-06 3.821587e-05 2.853625e-04 7.990633e-04 2.996487e-03 1.763432e+01 1.626544e+00 6.316988e-02 1.764232e-02 1.766324e-02 6.558427e-03 6.130002e-03 9.098285e-03 4.495479e-03 4.050771e-03 3.069064e-03 3.679500e-03
-3.800000e+01 3.463924e-06 1.549813e-05 2.600288e-05 1.939015e-05 5.422159e-06 2.594136e-04 3.463924e-08 1.715150e-06 3.184690e-05 2.628147e-04 8.133238e-04 3.049964e-03 1.831838e+01 1.439709e+00 6.264971e-02 1.657818e-02 1.722584e-02 8.972225e-03 6.272291e-03 6.090066e-03 4.474831e-03 3.902654e-03 2.942475e-03 3.728554e-03
-3.700000e+01 2.355636e-06 1.164793e-05 2.159834e-05 1.779957e-05 5.500851e-06 2.739190e-04 2.355636e-08 1.289055e-06 2.645245e-05 2.412559e-04 8.251277e-04 3.094229e-03 1.906017e+01 1.282654e+00 6.174966e-02 1.558304e-02 1.676954e-02 8.830446e-03 6.001835e-03 6.038209e-03 4.460972e-03 3.748132e-03 2.819137e-03 3.776145e-03
-3.600000e+01 1.597492e-06 8.729887e-06 1.788998e-05 1.629402e-05 5.565168e-06 2.884312e-04 1.597492e-08 9.661208e-07 2.191066e-05 2.208497e-04 8.347751e-04 3.130407e-03 1.985148e+01 1.151451e+00 6.048296e-02 1.466078e-02 1.629001e-02 8.674454e-03 5.748291e-03 5.974772e-03 4.446111e-03 3.593430e-03 2.699246e-03 3.822238e-03
-3.500000e+01 1.080771e-06 6.527290e-06 1.478303e-05 1.488030e-05 5.616825e-06 3.029889e-04 1.080771e-08 7.223634e-07 1.810544e-05 2.016880e-04 8.425238e-04 3.159464e-03 2.068625e+01 1.042249e+00 5.887787e-02 1.380566e-02 1.579270e-02 8.505781e-03 5.513823e-03 5.900271e-03 4.424962e-03 3.866812e-03 2.582945e-03 3.441187e-03
-3.400000e+01 7.296821e-07 4.870375e-06 1.219053e-05 1.356126e-05 5.657294e-06 3.176262e-04 7.296821e-09 5.389956e-07 1.493028e-05 1.838097e-04 8.485941e-04 3.182228e-03 2.156009e+01 9.515226e-01 5.697554e-02 1.301241e-02 1.528274e-02 8.325960e-03 5.302280e-03 5.815270e-03 4.391953e-03 3.909841e-03 2.470336e-03 3.292645e-03
-3.300000e+01 4.917607e-07 3.627538e-06 1.003463e-05 1.233697e-05 5.687831e-06 3.323732e-04 4.917607e-09 4.014531e-07 1.228987e-05 1.672156e-04 8.531746e-04 3.199405e-03 2.246986e+01 8.761770e-01 5.482680e-02 1.227624e-02 1.476484e-02 8.136500e-03 5.119615e-03 5.720422e-03 4.339954e-03 3.951299e-03 2.361484e-03 3.148435e-03
-3.200000e+01 3.308935e-07 2.697590e-06 8.246979e-06 1.120550e-05 5.709511e-06 3.472563e-04 3.308935e-09 2.985374e-07 1.010044e-05 1.518797e-04 8.564267e-04 3.211600e-03 2.341342e+01 8.135632e-01 5.248808e-02 1.159280e-02 1.424321e-02 7.938867e-03 4.972636e-03 5.616461e-03 4.261228e-03 3.991157e-03 2.256422e-03 3.008888e-03
-3.100000e+01 2.223386e-07 2.003235e-06 6.768312e-06 1.016357e-05 5.723258e-06 3.622983e-04 2.223386e-09 2.216944e-07 8.289455e-06 1.377573e-04 8.584887e-04 3.219333e-03 2.438935e+01 7.614524e-01 5.001733e-02 1.095817e-02 1.372162e-02 7.734470e-03 4.864135e-03 5.504185e-03 4.152151e-03 4.029382e-03 2.155158e-03 2.874170e-03
-3.000000e+01 1.492100e-07 1.485746e-06 5.547821e-06 9.206991e-06 5.729864e-06 3.775191e-04 1.492100e-09 1.644248e-07 6.794665e-06 1.247918e-04 8.594795e-04 3.223048e-03 2.539682e+01 7.179900e-01 4.747023e-02 1.036888e-02 1.320332e-02 7.524650e-03 4.788576e-03 5.384452e-03 4.017447e-03 4.065941e-03 2.057674e-03 2.744353e-03
-2.900000e+01 1.000210e-07 1.100696e-06 4.542288e-06 8.331044e-06 5.730011e-06 3.929361e-04 1.000210e-09 1.218120e-07 5.563144e-06 1.129192e-04 8.595016e-04 3.223131e-03 2.643547e+01 6.816453e-01 4.489730e-02 9.821844e-03 1.269108e-02 7.310668e-03 4.735378e-03 5.258176e-03 3.866902e-03 4.100746e-03 1.963934e-03 2.619442e-03
-2.800000e+01 6.697918e-08 8.146016e-07 3.715198e-06 7.530715e-06 5.724290e-06 4.085638e-04 6.697918e-10 9.015049e-08 4.550170e-06 1.020715e-04 8.586435e-04 3.219913e-03 2.750522e+01 6.511609e-01 4.234197e-02 9.314400e-03 1.218724e-02 7.093710e-03 4.694891e-03 5.126321e-03 4.133721e-03 3.709271e-03 1.873887e-03 2.499400e-03
-2.700000e+01 4.481062e-08 6.023041e-07 3.035862e-06 6.800888e-06 5.713215e-06 4.244148e-04 4.481062e-10 6.665591e-08 3.718156e-06 9.217944e-05 8.569822e-04 3.213683e-03 2.860629e+01 6.255078e-01 3.983967e-02 8.844276e-03 1.169371e-02 6.874879e-03 4.660414e-03 4.989923e-03 4.164697e-03 3.550297e-03 1.787466e-03 2.384162e-03
-2.600000e+01 2.995341e-08 4.449494e-07 2.478599e-06 6.136481e-06 5.697230e-06 4.404996e-04 2.995341e-10 4.924175e-08 3.035651e-06 8.317404e-05 8.545845e-04 3.204692e-03 2.973907e+01 6.038453e-01 3.741775e-02 8.409599e-03 1.121202e-02 6.655202e-03 4.627546e-03 4.850151e-03 4.193359e-03 3.393294e-03 1.704595e-03 2.273636e-03
-2.500000e+01 2.000611e-08 3.284403e-07 2.022002e-06 5.532533e-06 5.676725e-06 4.568266e-04 2.000611e-10 3.634789e-08 2.476436e-06 7.498812e-05 8.515087e-04 3.193158e-03 3.090412e+01 5.854874e-01 3.509600e-02 8.008907e-03 1.074337e-02 6.435635e-03 4.593216e-03 4.708531e-03 4.219004e-03 3.240095e-03 1.625187e-03 2.167718e-03
-2.400000e+01 1.335218e-08 2.422565e-07 1.648276e-06 4.984275e-06 5.652040e-06 4.734025e-04 1.335218e-10 2.681009e-08 2.018718e-06 6.755701e-05 8.478060e-04 3.179273e-03 3.210209e+01 5.698738e-01 3.288763e-02 7.641147e-03 1.028863e-02 6.217076e-03 4.555002e-03 4.567861e-03 4.239610e-03 3.091688e-03 1.549151e-03 2.066289e-03
-2.300000e+01 8.905002e-09 1.785610e-07 1.342674e-06 4.487166e-06 5.623475e-06 4.902323e-04 8.905002e-11 1.976103e-08 1.644433e-06 6.081918e-05 8.435213e-04 3.163205e-03 3.333370e+01 5.565471e-01 3.080029e-02 7.305671e-03 9.848466e-03 6.000383e-03 4.510804e-03 4.437314e-03 4.246654e-03 2.948582e-03 1.476388e-03 1.969222e-03
-2.200000e+01 5.935042e-09 1.315243e-07 1.092998e-06 4.036921e-06 5.591295e-06 5.073192e-04 5.935042e-11 1.455555e-08 1.338644e-06 5.471654e-05 8.386942e-04 3.145103e-03 3.459973e+01 5.451325e-01 2.883721e-02 7.002186e-03 9.423283e-03 5.786405e-03 4.458560e-03 4.357568e-03 4.200057e-03 2.811009e-03 1.406796e-03 1.876383e-03
-2.100000e+01 3.953073e-09 9.681584e-08 8.891791e-07 3.629523e-06 5.555731e-06 5.246648e-04 3.953073e-11 1.071443e-08 1.089018e-06 4.919467e-05 8.333596e-04 3.125099e-03 3.590101e+01 5.353229e-01 2.699825e-02 6.730648e-03 9.013331e-03 5.576040e-03 4.396353e-03 4.347718e-03 4.081078e-03 2.679036e-03 1.340272e-03 1.787635e-03
-2.000000e+01 2.631347e-09 7.122282e-08 7.229221e-07 3.261229e-06 5.516991e-06 5.422690e-04 2.631347e-11 7.882101e-09 8.853951e-07 4.420279e-05 8.275487e-04 3.103308e-03 3.723837e+01 5.268655e-01 2.528074e-02 6.491043e-03 8.618713e-03 5.370358e-03 4.322394e-03 4.355994e-03 3.941621e-03 2.552627e-03 1.276709e-03 1.702837e-03
-1.900000e+01 1.750503e-09 5.236406e-08 5.874015e-07 2.928561e-06 5.475261e-06 5.601303e-04 1.750503e-11 5.795036e-09 7.194170e-07 3.969381e-05 8.212891e-04 3.079834e-03 3.861266e+01 5.195518e-01 2.368029e-02 6.283070e-03 8.239425e-03 5.170886e-03 4.235580e-03 4.364940e-03 3.798476e-03 2.431687e-03 1.216001e-03 1.621848e-03
-1.800000e+01 1.163848e-09 3.847656e-08 4.770100e-07 2.628307e-06 5.430703e-06 5.782453e-04 1.163848e-11 4.258132e-09 5.842155e-07 3.562416e-05 8.146055e-04 3.054771e-03 4.002471e+01 5.132092e-01 2.219135e-02 6.105780e-03 7.875387e-03 4.980372e-03 4.135402e-03 4.368983e-03 3.655388e-03 2.316080e-03 1.158042e-03 1.544527e-03
-1.700000e+01 7.733652e-10 2.825622e-08 3.871459e-07 2.357506e-06 5.383468e-06 5.966092e-04 7.733652e-12 3.127064e-09 4.741549e-07 3.195370e-05 8.075202e-04 3.028201e-03 4.147537e+01 5.076941e-01 2.080772e-02 5.957313e-03 7.526480e-03 4.805052e-03 4.361138e-03 4.022504e-03 3.513769e-03 2.205649e-03 1.102727e-03 1.470733e-03
-1.600000e+01 5.136087e-10 2.073916e-08 3.140373e-07 2.113435e-06 5.333689e-06 6.152155e-04 5.136087e-12 2.295165e-09 3.846156e-07 2.864556e-05 8.000533e-04 3.000200e-03 4.296545e+01 5.028870e-01 1.952283e-02 5.834892e-03 7.192578e-03 4.660541e-03 4.325520e-03 3.898545e-03 3.374387e-03 2.100219e-03 1.049950e-03 1.400328e-03
-1.500000e+01 3.409126e-10 1.521358e-08 2.545956e-07 1.893599e-06 5.281487e-06 6.340560e-04 3.409126e-12 1.683659e-09 3.118147e-07 2.566589e-05 7.922230e-04 2.970836e-03 4.449573e+01 4.986875e-01 1.833009e-02 5.735096e-03 6.873592e-03 4.570998e-03 4.237760e-03 3.765933e-03 3.237754e-03 1.999612e-03 9.996111e-04 1.333175e-03
-1.400000e+01 2.261619e-10 1.115417e-08 2.062938e-07 1.695714e-06 5.226974e-06 6.531208e-04 2.261619e-12 1.234411e-09 2.526572e-07 2.298376e-05 7.840461e-04 2.940173e-03 4.606700e+01 4.950116e-01 1.722300e-02 5.654284e-03 6.569533e-03 4.531665e-03 4.102303e-03 3.627380e-03 3.104244e-03 1.903642e-03 9.516085e-04 1.269140e-03
-1.300000e+01 1.499557e-10 8.173540e-09 1.670662e-07 1.517695e-06 5.170252e-06 6.723984e-04 1.499557e-12 9.045509e-10 2.046135e-07 2.057089e-05 7.755378e-04 2.908267e-03 4.767996e+01 4.917880e-01 1.619531e-02 5.588984e-03 6.280597e-03 4.514369e-03 3.946790e-03 3.485512e-03 2.974138e-03 1.812127e-03 9.058447e-04 1.208093e-03
-1.200000e+01 9.937447e-11 5.986203e-09 1.352257e-07 1.357640e-06 5.111417e-06 6.918756e-04 9.937447e-13 6.624822e-10 1.656170e-07 1.840150e-05 7.667125e-04 2.875172e-03 4.933533e+01 4.889566e-01 1.524108e-02 5.536138e-03 6.007321e-03 4.502900e-03 3.342606e-03 3.786509e-03 2.847650e-03 1.724883e-03 8.622245e-04 1.149906e-03
-1.100000e+01 6.581956e-11 4.381886e-09 1.093952e-07 1.213817e-06 5.050557e-06 7.115375e-04 6.581956e-13 4.849354e-10 1.339812e-07 1.645211e-05 7.575836e-04 2.840938e-03 5.103374e+01 4.864661e-01 1.435475e-02 5.493196e-03 5.750852e-03 4.489950e-03 3.200493e-03 3.627191e-03 2.724937e-03 1.641731e-03 8.206554e-04 1.094456e-03
-1.000000e+01 4.357157e-11 3.205817e-09 8.845156e-08 1.084650e-06 4.987757e-06 7.313673e-04 4.357157e-13 3.547819e-10 1.083306e-07 1.470138e-05 7.481635e-04 2.805613e-03 5.277580e+01 4.842727e-01 1.353116e-02 5.458099e-03 5.513435e-03 4.470514e-03 3.060564e-03 3.471123e-03 2.606112e-03 1.562496e-03 7.810477e-04 1.041623e-03
-9.000000e+00 2.882826e-11 2.344139e-09 7.147919e-08 9.687090e-07 4.923096e-06 7.513467e-04 2.882826e-13 2.594216e-10 8.754377e-08 1.312991e-05 7.384644e-04 2.769242e-03 5.456206e+01 4.823391e-01 1.276555e-02 5.429266e-03 5.299153e-03 4.438919e-03 2.923825e-03 3.319335e-03 2.491244e-03 1.487007e-03 7.433148e-04 9.912919e-04
-8.000000e+00 1.906335e-11 1.713143e-09 5.773237e-08 8.646942e-07 4.856652e-06 7.714554e-04 1.906335e-13 1.895905e-10 7.070742e-08 1.172009e-05 7.284978e-04 2.731867e-03 5.639302e+01 4.806329e-01 1.205359e-02 5.405379e-03 5.114823e-03 4.387321e-03 2.790977e-03 3.172326e-03 2.380372e-03 1.415098e-03 7.073731e-04 9.433509e-04
-7.000000e+00 1.259923e-11 1.251318e-09 4.660397e-08 7.714282e-07 4.788499e-06 7.916715e-04 1.259923e-13 1.384811e-10 5.707797e-08 1.045596e-05 7.182748e-04 2.693531e-03 5.826911e+01 4.791264e-01 1.139131e-02 5.385479e-03 4.968552e-03 4.306720e-03 2.662478e-03 3.030341e-03 2.273505e-03 1.346610e-03 6.731419e-04 8.976922e-04
-6.000000e+00 8.322429e-12 9.134891e-10 3.760001e-08 6.878441e-07 4.718711e-06 8.119714e-04 8.322429e-14 1.010942e-10 4.605042e-08 9.323059e-06 7.078066e-04 2.654275e-03 6.019072e+01 4.777956e-01 5.368794e-03 4.863616e-03 1.077515e-02 4.193048e-03 2.538608e-03 2.893487e-03 2.170626e-03 1.281388e-03 6.405435e-04 8.542121e-04
-5.000000e+00 5.494335e-12 6.664965e-10 3.031879e-08 6.129759e-07 4.647359e-06 8.323296e-04 5.494335e-14 7.375997e-11 3.713279e-08 8.308294e-06 6.971038e-04 2.614139e-03 6.215814e+01 4.766195e-01 5.354724e-03 1.020194e-02 4.793043e-03 4.052501e-03 2.419515e-03 2.761788e-03 2.071698e-03 1.219284e-03 6.095034e-04 8.128111e-04
-4.000000e+00 3.625236e-12 4.860136e-10 2.443385e-08 5.459500e-07 4.574515e-06 8.527192e-04 3.625236e-14 5.378625e-11 2.992523e-08 7.399823e-06 6.861773e-04 2.573165e-03 6.417162e+01 4.755800e-01 5.342793e-03 9.668872e-03 4.744604e-03 3.896508e-03 2.305250e-03 2.635214e-03 1.976667e-03 1.160154e-03 5.799499e-04 7.733935e-04
-3.000000e+00 2.390618e-12 3.542027e-10 1.967999e-08 4.859764e-07 4.500252e-06 8.731113e-04 2.390618e-14 3.919897e-11 2.410296e-08 6.586939e-06 6.750379e-04 2.531392e-03 6.623133e+01 4.746612e-01 5.332627e-03 9.173506e-03 4.708064e-03 3.734442e-03 2.195792e-03 2.513700e-03 1.885464e-03 1.103861e-03 5.518142e-04 7.358675e-04
-2.000000e+00 1.575556e-12 2.579912e-10 1.584190e-08 4.323416e-07 4.424642e-06 8.934755e-04 1.575556e-14 2.855142e-11 1.940228e-08 5.859971e-06 6.636963e-04 2.488861e-03 6.833735e+01 4.738493e-01 5.323923e-03 8.713779e-03 4.676784e-03 3.571982e-03 2.091075e-03 2.397153e-03 1.798009e-03 1.050273e-03 5.250304e-04 7.001450e-04
-1.000000e+00 1.037775e-12 1.878035e-10 1.274487e-08 3.844013e-07 4.347758e-06 9.137800e-04 1.037775e-14 2.078387e-11 1.560922e-08 5.210186e-06 6.521637e-04 2.445614e-03 7.048970e+01 4.731320e-01 5.316441e-03 8.288011e-03 4.646577e-03 3.412231e-03 1.990994e-03 2.285464e-03 1.714210e-03 9.992637e-04 4.995353e-04 6.661418e-04
0.000000e+00 6.831480e-13 1.366296e-10 1.024722e-08 3.415740e-07 4.269675e-06 9.339914e-04 6.831480e-15 1.512055e-11 1.255023e-08 4.629704e-06 6.404512e-04 2.401692e-03 7.268829e+01 4.724987e-01 5.309985e-03 7.894917e-03 4.614545e-03 3.256827e-03 1.895422e-03 2.178508e-03 1.633971e-03 9.507128e-04 4.752686e-04 6.337772e-04
1.000000e+00 4.494327e-13 9.934000e-11 8.234076e-09 3.033354e-07 4.190468e-06 9.540746e-04 4.494327e-15 1.099378e-11 1.008464e-08 4.111417e-06 6.285702e-04 2.357138e-03 7.493297e+01 4.719400e-01 5.304394e-03 7.533627e-03 4.578380e-03 3.106616e-03 1.804216e-03 2.076153e-03 1.557188e-03 9.045041e-04 4.521722e-04 6.029741e-04
2.000000e+00 2.954942e-13 7.218348e-11 6.612383e-09 2.692128e-07 4.110215e-06 9.739937e-04 2.954942e-15 7.988416e-12 8.098482e-09 3.648918e-06 6.165323e-04 2.311996e-03 7.722348e+01 4.714474e-01 5.299537e-03 7.203683e-03 4.535980e-03 2.962009e-03 1.717223e-03 1.978257e-03 1.483753e-03 8.605271e-04 4.301910e-04 5.736585e-04
3.000000e+00 1.941616e-13 5.241816e-11 5.306783e-09 2.387803e-07 4.028996e-06 9.937112e-04 1.941616e-15 5.801023e-12 6.499456e-09 3.236435e-06 6.043494e-04 2.266310e-03 7.955948e+01 4.710137e-01 5.295306e-03 6.905014e-03 4.485277e-03 2.823165e-03 1.634284e-03 1.884675e-03 1.413558e-03 8.186760e-04 4.092721e-04 5.457601e-04
4.000000e+00 1.274982e-13 3.804098e-11 4.256286e-09 2.116544e-07 3.946891e-06 1.013189e-03 1.274982e-15 4.209927e-12 5.212864e-09 2.868770e-06 5.920337e-04 2.220126e-03 8.194054e+01 4.706323e-01 5.291609e-03 6.637826e-03 4.424226e-03 2.690101e-03 1.555240e-03 1.795260e-03 1.346489e-03 7.788496e-04 3.893651e-04 5.192113e-04
5.000000e+00 8.366934e-14 2.758949e-11 3.411553e-09 1.874900e-07 3.863984e-06 1.032386e-03 8.366934e-16 3.053278e-12 4.178282e-09 2.541245e-06 5.795976e-04 2.173491e-03 8.436611e+01 4.702976e-01 5.288372e-03 6.402373e-03 4.350959e-03 2.562747e-03 1.479930e-03 1.709863e-03 1.282435e-03 7.409517e-04 3.704216e-04 4.939479e-04
6.000000e+00 5.487145e-14 1.999646e-11 2.732694e-09 1.659765e-07 3.780360e-06 1.051264e-03 5.487145e-16 2.212972e-12 3.346853e-09 2.249650e-06 5.670541e-04 2.126453e-03 8.683556e+01 4.700042e-01 5.285531e-03 6.198599e-03 4.264096e-03 2.440979e-03 1.408195e-03 1.628333e-03 1.221284e-03 7.048899e-04 3.523958e-04 4.699086e-04
7.000000e+00 3.596168e-14 1.448359e-11 2.187477e-09 1.468346e-07 3.696107e-06 1.069781e-03 3.596168e-16 1.602872e-12 2.679101e-09 1.990200e-06 5.544160e-04 2.079060e-03 8.934816e+01 4.697478e-01 5.283032e-03 6.025712e-03 4.163144e-03 2.324642e-03 1.339878e-03 1.550525e-03 1.162923e-03 6.705766e-04 3.352437e-04 4.470347e-04
8.000000e+00 2.355281e-14 1.048355e-11 1.749867e-09 1.298134e-07 3.611312e-06 1.087896e-03 2.355281e-16 1.160195e-12 2.143141e-09 1.759494e-06 5.416968e-04 2.031363e-03 9.190307e+01 4.695241e-01 5.280831e-03 5.881873e-03 4.048781e-03 2.213561e-03 1.274830e-03 1.476289e-03 1.107243e-03 6.379277e-04 3.189235e-04 4.252703e-04
9.000000e+00 1.541525e-14 7.583078e-12 1.398852e-09 1.146874e-07 3.526068e-06 1.105566e-03 1.541525e-16 8.392055e-13 1.713237e-09 1.554476e-06 5.289102e-04 1.983413e-03 9.449936e+01 4.693297e-01 5.278887e-03 5.764190e-03 3.922839e-03 2.107552e-03 1.212901e-03 1.405484e-03 1.054136e-03 6.068635e-04 3.033952e-04 4.045622e-04
1.000000e+01 1.008229e-14 5.481302e-12 1.117479e-09 1.012541e-07 3.440465e-06 1.122750e-03 1.008229e-16 6.066058e-13 1.368627e-09 1.372401e-06 5.160698e-04 1.935262e-03 9.713597e+01 4.691613e-01 5.277169e-03 5.669058e-03 3.787964e-03 2.006422e-03 1.153949e-03 1.337967e-03 1.003496e-03 5.773077e-04 2.886207e-04 3.848596e-04
1.100000e+01 6.589689e-15 3.959304e-12 8.920805e-10 8.933193e-08 3.354599e-06 1.139405e-03 6.589689e-17 4.381690e-13 1.092571e-09 1.210808e-06 5.031899e-04 1.886962e-03 9.981178e+01 4.690160e-01 5.275647e-03 5.592653e-03 3.647098e-03 1.909982e-03 1.097838e-03 1.273601e-03 9.552188e-04 5.491876e-04 2.745638e-04 3.661140e-04
1.200000e+01 4.303914e-15 2.857899e-12 7.116420e-10 7.875782e-08 3.268565e-06 1.155491e-03 4.303914e-17 3.162785e-13 8.715799e-10 1.067486e-06 4.902847e-04 1.838568e-03 1.025255e+02 4.688913e-01 5.274297e-03 5.531376e-03 3.503028e-03 1.818039e-03 1.044435e-03 1.212251e-03 9.092047e-04 5.224340e-04 2.611898e-04 3.482793e-04
1.300000e+01 2.808997e-15 2.061409e-12 5.672940e-10 6.938567e-08 3.182457e-06 1.170965e-03 2.808997e-17 2.281324e-13 6.947904e-10 9.404554e-07 4.773686e-04 1.790132e-03 1.052759e+02 4.687849e-01 5.273099e-03 5.482112e-03 3.358125e-03 1.730407e-03 9.936123e-04 1.153788e-03 8.653556e-04 4.969810e-04 2.484659e-04 3.313116e-04
1.400000e+01 1.831995e-15 1.485822e-12 4.518978e-10 6.108453e-08 3.096375e-06 1.185786e-03 1.831995e-17 1.644332e-13 5.534595e-10 8.279415e-07 4.644562e-04 1.741711e-03 1.080614e+02 4.686946e-01 5.272033e-03 5.442305e-03 3.214258e-03 1.646900e-03 9.452490e-04 1.098085e-03 8.235768e-04 4.727657e-04 2.363606e-04 3.151689e-04
1.500000e+01 1.193931e-15 1.070166e-12 3.597112e-10 5.373713e-08 3.010414e-06 1.199916e-03 1.193931e-17 1.184333e-13 4.405545e-10 7.283546e-07 4.515621e-04 1.693358e-03 1.108804e+02 4.686188e-01 5.271083e-03 5.409929e-03 3.072816e-03 1.567340e-03 8.992284e-04 1.045020e-03 7.837767e-04 4.497282e-04 2.248440e-04 2.998114e-04
1.600000e+01 7.775217e-16 7.702180e-13 2.861186e-10 4.723849e-08 2.924672e-06 1.213315e-03 7.775217e-18 8.523863e-14 3.504223e-10 6.402719e-07 4.387008e-04 1.645128e-03 1.137315e+02 4.685557e-01 5.270236e-03 5.383408e-03 2.934786e-03 1.491552e-03 8.554390e-04 9.944749e-04 7.458669e-04 4.278116e-04 2.138876e-04 2.852010e-04
1.700000e+01 5.059654e-16 5.539255e-13 2.274119e-10 4.149470e-08 2.839248e-06 1.225947e-03 5.059654e-18 6.130194e-14 2.785216e-10 5.624204e-07 4.258871e-04 1.597077e-03 1.166128e+02 4.685039e-01 5.269480e-03 5.361525e-03 2.800839e-03 8.137743e-04 1.419369e-03 9.463369e-04 7.097624e-04 4.069616e-04 2.034643e-04 2.713016e-04
1.800000e+01 3.290039e-16 3.980715e-13 1.806144e-10 3.642178e-08 2.754237e-06 1.237774e-03 3.290039e-18 4.405385e-14 2.212066e-10 4.936620e-07 4.131355e-04 1.549258e-03 1.195225e+02 4.684622e-01 5.268803e-03 5.343342e-03 2.671406e-03 1.350627e-03 7.741325e-04 9.004963e-04 6.753809e-04 3.871264e-04 1.935482e-04 2.580787e-04
1.900000e+01 2.137717e-16 2.858511e-13 1.433377e-10 3.194470e-08 2.669736e-06 1.248764e-03 2.137717e-18 3.163462e-14 1.755522e-10 4.329794e-07 4.004604e-04 1.501727e-03 1.224587e+02 4.684292e-01 5.268195e-03 5.328133e-03 2.546739e-03 7.364165e-04 1.285170e-03 8.568480e-04 6.426439e-04 3.682568e-04 1.841149e-04 2.454995e-04
2.000000e+01 1.387925e-16 2.051091e-13 1.136672e-10 2.799644e-08 2.585841e-06 1.258883e-03 1.387925e-18 2.269905e-14 1.392133e-10 3.794646e-07 3.878761e-04 1.454535e-03 1.254195e+02 4.684040e-01 5.267649e-03 5.315334e-03 2.426963e-03 7.005336e-04 1.222848e-03 8.152911e-04 6.114754e-04 3.503060e-04 1.751408e-04 2.335328e-04
2.100000e+01 9.004203e-17 1.470597e-13 9.006859e-11 2.451718e-08 2.502643e-06 1.268103e-03 9.004203e-19 1.627483e-14 1.103110e-10 3.323066e-07 3.753965e-04 1.407737e-03 1.284027e+02 4.683857e-01 5.267154e-03 5.304503e-03 2.312107e-03 6.663955e-04 1.163515e-03 7.757287e-04 5.818029e-04 3.332294e-04 1.666036e-04 2.221489e-04
2.200000e+01 5.836953e-17 1.053572e-13 7.131373e-11 2.145358e-08 2.420236e-06 1.276394e-03 5.836953e-19 1.165969e-14 8.734113e-11 2.907825e-07 3.630353e-04 1.361383e-03 1.314062e+02 4.683733e-01 5.295295e-03 5.266703e-03 2.202136e-03 6.339180e-04 1.107033e-03 7.380681e-04 5.535569e-04 3.169846e-04 1.584823e-04 2.113193e-04
2.300000e+01 3.780825e-17 7.542128e-14 5.641992e-11 1.875809e-08 2.338707e-06 1.283733e-03 3.780825e-19 8.346737e-15 6.910001e-11 2.542477e-07 3.508061e-04 1.315523e-03 1.344279e+02 4.683662e-01 5.266284e-03 5.287436e-03 2.096969e-03 6.030208e-04 1.053269e-03 7.022203e-04 5.266705e-04 3.015310e-04 1.507564e-04 2.010173e-04
2.400000e+01 2.447060e-17 5.394875e-14 4.460150e-11 1.638834e-08 2.258144e-06 1.290097e-03 2.447060e-19 5.970411e-15 5.462545e-11 2.221280e-07 3.387216e-04 1.270206e-03 1.374654e+02 4.683637e-01 5.280716e-03 5.265882e-03 1.996491e-03 5.736274e-04 1.002096e-03 6.681003e-04 5.010799e-04 2.868304e-04 1.434070e-04 1.912172e-04
2.500000e+01 1.582555e-17 3.855893e-14 3.523080e-11 1.430663e-08 2.178631e-06 1.295466e-03 1.582555e-19 4.267247e-15 4.314874e-11 1.939125e-07 3.267946e-04 1.225480e-03 1.405166e+02 4.683652e-01 5.274984e-03 5.265459e-03 1.900565e-03 5.456650e-04 9.533914e-04 6.356266e-04 4.767242e-04 2.728459e-04 1.364155e-04 1.818945e-04
2.600000e+01 1.022652e-17 2.753742e-14 2.780675e-11 1.247943e-08 2.100247e-06 1.299824e-03 1.022652e-19 3.047517e-15 3.405618e-11 1.691465e-07 3.150370e-04 1.181389e-03 1.435789e+02 4.683702e-01 5.270221e-03 5.264888e-03 1.809041e-03 5.190642e-04 9.070387e-04 6.047214e-04 4.535449e-04 2.595429e-04 1.297647e-04 1.730261e-04
2.700000e+01 6.603137e-18 1.965058e-14 2.192965e-11 1.087691e-08 2.023069e-06 1.303157e-03 6.603137e-20 2.174694e-15 2.685823e-11 1.474260e-07 3.034604e-04 1.137976e-03 1.466502e+02 4.683781e-01 5.263542e-03 5.266927e-03 1.721762e-03 4.937590e-04 8.629266e-04 5.753103e-04 4.314862e-04 2.468882e-04 1.234380e-04 1.645899e-04
2.800000e+01 4.260159e-18 1.401136e-14 1.728089e-11 9.472605e-09 1.947171e-06 1.305455e-03 4.260159e-20 1.550612e-15 2.116468e-11 1.283920e-07 2.920756e-04 1.095283e-03 1.497279e+02 4.683887e-01 5.260731e-03 5.265692e-03 1.638563e-03 4.696863e-04 8.209485e-04 5.473223e-04 4.104948e-04 2.348501e-04 1.174196e-04 1.565647e-04
2.900000e+01 2.746336e-18 9.982461e-15 1.360670e-11 8.243006e-09 1.872620e-06 1.306710e-03 2.746336e-20 1.104741e-15 1.666474e-11 1.117260e-07 2.808930e-04 1.053349e-03 1.528095e+02 4.684014e-01 5.257659e-03 5.265225e-03 1.559280e-03 4.467865e-04 7.810029e-04 5.206895e-04 3.905200e-04 2.233988e-04 1.116944e-04 1.489307e-04
3.000000e+01 1.769024e-18 7.106358e-15 1.070513e-11 7.167273e-09 1.799482e-06 1.306920e-03 1.769024e-20 7.864477e-16 1.311105e-11 9.714544e-08 2.699222e-04 1.012208e-03 1.558928e+02 4.684159e-01 5.254844e-03 5.264938e-03 1.483750e-03 4.250024e-04 7.429926e-04 4.953472e-04 3.715130e-04 2.125057e-04 1.062483e-04 1.416688e-04
3.100000e+01 1.138586e-18 5.054854e-15 8.415555e-12 6.226936e-09 1.727815e-06 1.306082e-03 1.138586e-20 5.594115e-16 1.030691e-11 8.440007e-08 2.591723e-04 9.718960e-04 1.589751e+02 4.684320e-01 5.252336e-03 5.264721e-03 1.411812e-03 4.042798e-04 7.068251e-04 4.712337e-04 3.534276e-04 2.021435e-04 1.010677e-04 1.347608e-04
3.200000e+01 7.322345e-19 3.592713e-15 6.610375e-12 5.405641e-09 1.657676e-06 1.304201e-03 7.322345e-21 3.975990e-16 8.096023e-12 7.326822e-08 2.486513e-04 9.324425e-04 1.620541e+02 4.684494e-01 5.250116e-03 5.264542e-03 1.343307e-03 3.845671e-04 6.724120e-04 4.482899e-04 1.922864e-04 3.362195e-04 9.613951e-05 1.281896e-04
3.300000e+01 4.705303e-19 2.551464e-15 5.188268e-12 4.688921e-09 1.589113e-06 1.301282e-03 4.705303e-21 2.823659e-16 6.354305e-12 6.355378e-08 2.383669e-04 8.938760e-04 1.651274e+02 4.684678e-01 5.248154e-03 5.264388e-03 1.278083e-03 3.658152e-04 6.396690e-04 4.264598e-04 3.198467e-04 1.829099e-04 9.145159e-05 1.219387e-04
3.400000e+01 3.021195e-19 1.810548e-15 4.068858e-12 4.063988e-09 1.522172e-06 1.297335e-03 3.021195e-21 2.003700e-16 4.983312e-12 5.508342e-08 2.283258e-04 8.562217e-04 1.681923e+02 4.684871e-01 5.246419e-03 5.264255e-03 1.215990e-03 3.479773e-04 6.085159e-04 4.056897e-04 3.042690e-04 1.739904e-04 8.699218e-05 1.159925e-04
3.500000e+01 1.938317e-19 1.283765e-15 3.188434e-12 3.519548e-09 1.456893e-06 1.292373e-03 1.938317e-21 1.420719e-16 3.905018e-12 4.770405e-08 2.185339e-04 8.195021e-04 1.712467e+02 4.685071e-01 5.244883e-03 5.264137e-03 1.156884e-03 3.310088e-04 5.788761e-04 3.859286e-04 2.894480e-04 1.655058e-04 8.275018e-05 1.103362e-04
3.600000e+01 1.242588e-19 9.095302e-16 2.496540e-12 3.045632e-09 1.393309e-06 1.286411e-03 1.242588e-21 1.006561e-16 3.057624e-12 4.128058e-08 2.089964e-04 7.837365e-04 1.742881e+02 4.685276e-01 5.243522e-03 5.264033e-03 1.100628e-03 3.148676e-04 5.506766e-04 3.671279e-04 2.753473e-04 1.574349e-04 7.871497e-05 1.049557e-04
3.700000e+01 7.959523e-20 6.438825e-16 1.953248e-12 2.633454e-09 1.331452e-06 1.279468e-03 7.959523e-22 7.125731e-17 2.392231e-12 3.569392e-08 1.997177e-04 7.489415e-04 1.773142e+02 4.685484e-01 5.242315e-03 5.263940e-03 1.047088e-03 2.995132e-04 5.238479e-04 3.492411e-04 2.619321e-04 1.497575e-04 7.487649e-05 9.983748e-05
3.800000e+01 5.094561e-20 4.554658e-16 1.526990e-12 2.275275e-09 1.271343e-06 1.271565e-03 5.094561e-22 5.040558e-17 1.870173e-12 3.083914e-08 1.907015e-04 7.151307e-04 1.803227e+02 4.685695e-01 5.241243e-03 5.263857e-03 9.961364e-04 2.849074e-04 4.983238e-04 3.322241e-04 1.424544e-04 2.491692e-04 7.122515e-05 9.496883e-05
3.900000e+01 3.258279e-20 3.219340e-16 1.192824e-12 1.964282e-09 1.213004e-06 1.262728e-03 3.258279e-22 3.562785e-17 1.460906e-12 2.662393e-08 1.819506e-04 6.823148e-04 1.833114e+02 4.685906e-01 5.240290e-03 5.263783e-03 9.476510e-04 2.710137e-04 4.740411e-04 3.160349e-04 2.370272e-04 1.355074e-04 6.775184e-05 9.033756e-05
4.000000e+01 2.082256e-20 2.273746e-16 9.310675e-13 1.694485e-09 1.156447e-06 1.252983e-03 2.082256e-22 2.516314e-17 1.140320e-12 2.296711e-08 1.734671e-04 6.505015e-04 1.862780e+02 4.686119e-01 5.239442e-03 5.263716e-03 9.015147e-04 2.577974e-04 4.509399e-04 3.006334e-04 2.254760e-04 1.288991e-04 6.444788e-05 8.593210e-05
4.100000e+01 1.329678e-20 1.604663e-16 7.261939e-13 1.460625e-09 1.101682e-06 1.242359e-03 1.329678e-22 1.775852e-17 8.894023e-13 1.979736e-08 1.652522e-04 6.196959e-04 1.892206e+02 4.686330e-01 5.238687e-03 5.263657e-03 8.576156e-04 2.452254e-04 4.289628e-04 2.859813e-04 1.226130e-04 2.144868e-04 6.130500e-05 8.174145e-05
4.200000e+01 8.484549e-21 1.131607e-16 5.659704e-13 1.258083e-09 1.048712e-06 1.230889e-03 8.484549e-23 1.252329e-17 6.931693e-13 1.705209e-08 1.573067e-04 5.899003e-04 1.921371e+02 4.686541e-01 5.238014e-03 5.263603e-03 8.158467e-04 2.332665e-04 4.080555e-04 2.720425e-04 1.166335e-04 2.040326e-04 5.831538e-05 7.775515e-05
4.300000e+01 5.409831e-21 7.974068e-17 4.407654e-13 1.082811e-09 9.975365e-07 1.218606e-03 5.409831e-23 8.824757e-18 5.398251e-13 1.467645e-08 1.496305e-04 5.611143e-04 1.950256e+02 4.686749e-01 5.237413e-03 5.263555e-03 7.761060e-04 2.218907e-04 3.881659e-04 2.587823e-04 1.109455e-04 1.940874e-04 5.547152e-05 7.396322e-05
4.400000e+01 3.446788e-21 5.614877e-17 3.430025e-13 9.312616e-10 9.481509e-07 1.205546e-03 3.446788e-23 6.213883e-18 4.200905e-13 1.262235e-08 1.422226e-04 5.333349e-04 1.978840e+02 4.686955e-01 5.263511e-03 5.236877e-03 7.382960e-04 2.110696e-04 3.692448e-04 2.461677e-04 1.055349e-04 1.846264e-04 5.276634e-05 7.035619e-05
4.500000e+01 2.194446e-21 3.950755e-17 2.667267e-13 8.003324e-10 9.005453e-07 1.191746e-03 2.194446e-23 4.372229e-18 3.266722e-13 1.084773e-08 1.350818e-04 5.065567e-04 2.007108e+02 4.687158e-01 5.236398e-03 5.263472e-03 7.023237e-04 2.007762e-04 3.512451e-04 2.341675e-04 1.003881e-04 1.756262e-04 5.019307e-05 6.692506e-05
4.600000e+01 1.396106e-21 2.777813e-17 2.072616e-13 6.873093e-10 8.547062e-07 1.177245e-03 1.396106e-23 3.074155e-18 2.538426e-13 9.315811e-09 1.282059e-04 4.807722e-04 2.035042e+02 4.687358e-01 5.235969e-03 5.263437e-03 6.681005e-04 1.909847e-04 3.341221e-04 2.227518e-04 9.549237e-05 1.670643e-04 4.774527e-05 6.366124e-05
4.700000e+01 8.875623e-22 1.951699e-17 1.609379e-13 5.898221e-10 8.106160e-07 1.162082e-03 8.875623e-24 2.159910e-18 1.971078e-13 7.994467e-09 1.215924e-04 4.559715e-04 2.062625e+02 4.687555e-01 5.235586e-03 5.263406e-03 6.355420e-04 1.816706e-04 3.178332e-04 2.118921e-04 9.083533e-05 1.589196e-04 4.541684e-05 6.055658e-05
4.800000e+01 5.638589e-22 1.370295e-17 1.248788e-13 5.058025e-10 7.682534e-07 1.146299e-03 5.638589e-24 1.516480e-18 1.529447e-13 6.855662e-09 1.152380e-04 4.321425e-04 2.089843e+02 4.687747e-01 5.235242e-03 5.263377e-03 6.045676e-04 1.728108e-04 3.023378e-04 2.015616e-04 8.640539e-05 1.511716e-04 4.320195e-05 5.760332e-05
4.900000e+01 3.579622e-22 9.614134e-18 9.683100e-14 4.334471e-10 7.275939e-07 1.129937e-03 3.579622e-24 1.063979e-18 1.185933e-13 5.874955e-09 1.091391e-04 4.092716e-04 2.116682e+02 4.687936e-01 5.234935e-03 5.263351e-03 5.751008e-04 1.643830e-04 2.875974e-04 1.917343e-04 8.219148e-05 1.438011e-04 4.109507e-05 5.479407e-05
5.000000e+01 2.270929e-22 6.740716e-18 7.503082e-14 3.711854e-10 6.886099e-07 1.113039e-03 2.270929e-24 7.459828e-19 9.189361e-14 5.031058e-09 1.032915e-04 3.873431e-04 2.143128e+02 4.688120e-01 5.234659e-03 5.263328e-03 5.470684e-04 1.563662e-04 2.735752e-04 1.823859e-04 7.818307e-05 1.367898e-04 3.909093e-05 5.212182e-05
